assoc_id	FEATURE	Depleted Gene	Name	gene family	location	entrez id	ensembl gene id	pumbed id	string_id	N FEATURE pos	N FEATURE_neg	FEATUREpos_ESS_MEAN	FEATUREneg_ESS_MEAN	FEATURE_deltaMEAN_ESS	FEATUREpos_ESS_sd	FEATUREneg_ESS_sd	FEATURE_ESS_effect_size	FEATUREpos_Glass_delta	FEATUREneg_Glass_delta	FEATURE_ANOVA_pval	Tissue_ANOVA_pval	MEDIA_ANOVA_pval	MSI_ANOVA_pval	FEATURE_ESS_T_pval	FEATURE_T_pvalEV	BMstringID	ANOVA FEATURE FDR %	t-test (unequal var) FDR %
a1	geneb_mut	geneh	NA	NA	NA	NA	NA	NA	NA	4	6	1.1917609719963	-2.33322708142618	3.52498805342248	1.70757173771868	2.23024810142312	1.71957192200828	2.06432794333541	1.58053628704949	0.0286295891691274	NA	NA	NA	0.0231809503710805	0.0286295891691274	NA	61.5105072657432	55.5098737154686
a2	genea_mut	genee	NA	NA	NA	NA	NA	NA	NA	6	4	0.1402836143295	-2.90401548520017	3.04429909952967	1.97835852366889	1.55864238952563	1.66149342431726	1.53880050714164	1.95317355667209	0.0329233972704588	NA	NA	NA	0.0277549368577343	0.0329233972704588	NA	61.5105072657432	55.5098737154686
a3	genea_mut	geneg	NA	NA	NA	NA	NA	NA	NA	6	4	-0.550141944954418	1.39610266191556	-1.94624460686998	1.3579527140821	1.13499129438406	1.52180489838412	1.4332197186892	1.71476611010146	0.0461328804493074	NA	NA	NA	0.0420485967567275	0.0461328804493074	NA	61.5105072657432	56.0647956756366
a4	genea_mut	genem	NA	NA	NA	NA	NA	NA	NA	6	4	-0.0284452665067072	1.69996553738392	-1.72841080389063	0.688599292761346	1.95251744893908	1.31561688080357	2.51003859873213	0.885221694090253	0.0758920223499221	NA	NA	NA	0.174144603781909	0.075892022349922	NA	71.0880946872136	83.7621474688638
a5	geneb_mut	genep	NA	NA	NA	NA	NA	NA	NA	4	6	-0.830508958344146	0.82997706301252	-1.66048602135667	1.5278244916921	1.21525773806818	1.23821225301385	1.0868303462773	1.36636531440338	0.0913645654546705	NA	NA	NA	0.122797530875397	0.0913645654546704	NA	71.0880946872136	81.8650205835977
a6	genea_mut	genea	NA	NA	NA	NA	NA	NA	NA	6	4	-0.0183790903215476	1.32934503019022	-1.34772412051176	1.15591337698598	1.13647287219651	1.1732993858998	1.16593868307496	1.18588323002111	0.10663214203082	NA	NA	NA	0.112957951327586	0.10663214203082	NA	71.0880946872136	81.8650205835977
a7	geneb_mut	genef	NA	NA	NA	NA	NA	NA	NA	4	6	-0.982236444466726	0.464318060249319	-1.44655450471605	2.01248480495395	0.889466918504539	1.01949565300051	0.718790274170117	1.62631625147806	0.152899253197329	NA	NA	NA	0.251286442406591	0.152899253197329	NA	71.1911549792238	83.7621474688638
a8	genea_mut	genel	NA	NA	NA	NA	NA	NA	NA	6	4	0.485162564834742	-1.43769284081611	1.92285540565085	1.91330301263711	1.87988279563922	1.0115823127437	1.00499261902095	1.02285919638783	0.155717979955016	NA	NA	NA	0.161762944980409	0.155717979955016	NA	71.1911549792238	83.7621474688638
a9	geneb_mut	geneo	NA	NA	NA	NA	NA	NA	NA	4	6	-1.49428459227883	0.06661451957949	-1.56089911185832	0.914807311968519	1.84430460584743	0.999316641516935	1.70625998659708	0.84633476862197	0.160180098703254	NA	NA	NA	0.116155547309935	0.160180098703254	NA	71.1911549792238	81.8650205835977
a10	geneb_mut	genel	NA	NA	NA	NA	NA	NA	NA	4	6	0.724051277717195	-0.956000180854126	1.68005145857132	1.78361111022267	2.07177384419953	0.853397623102101	0.941938211161727	0.810924157226459	0.222691290182711	NA	NA	NA	0.212334495989219	0.222691290182711	NA	87.2113250632862	83.7621474688638
a11	geneb_mut	genem	NA	NA	NA	NA	NA	NA	NA	4	6	-0.0636116662348885	1.14727286923916	-1.21088453547405	1.00432079509675	1.69897777700675	0.819677316434332	1.20567506058401	0.712713580990672	0.239831143924037	NA	NA	NA	0.195202091386148	0.239831143924037	NA	87.2113250632862	83.7621474688638
a12	genea_mut	geneq	NA	NA	NA	NA	NA	NA	NA	6	4	0.700285510100381	1.85473984877991	-1.15445433867953	1.49158217403045	1.76148882056198	0.722370118062255	0.773979710122198	0.655385560897978	0.295574206226594	NA	NA	NA	0.324001191321769	0.295574206226594	NA	93.651985085389	92.5717689490768
a13	genea_mut	gened	NA	NA	NA	NA	NA	NA	NA	6	4	-0.133407268272711	0.987609789466048	-1.12101705773876	2.0911963454748	0.292388630749564	0.674132362538953	0.536064946825563	3.83399674216105	0.326845848110123	NA	NA	NA	0.249200107603766	0.326845848110122	NA	93.651985085389	83.7621474688638
a14	genea_mut	genef	NA	NA	NA	NA	NA	NA	NA	6	4	0.276747238491278	-0.700880211829665	0.977627450320943	1.68555202609394	1.24215523870385	0.637153250947174	0.580004316204034	0.787041281040738	0.352515880032022	NA	NA	NA	0.323080730153209	0.352515880032022	NA	93.651985085389	92.5717689490768
a15	geneb_mut	genet	NA	NA	NA	NA	NA	NA	NA	4	6	1.21491967491023	-0.329112661914207	1.54403233682443	3.72287218328059	2.00092613921731	0.556440300600399	0.414742236856446	0.771658836656711	0.413760818392321	NA	NA	NA	0.488159341872455	0.413760818392321	NA	93.651985085389	94.1574248836207
a16	geneb_mut	genea	NA	NA	NA	NA	NA	NA	NA	4	6	0.161271246136316	0.760336765714386	-0.59906551957807	2.08526515528807	0.449077293891399	0.451990672544916	0.287285057278632	1.33399200477712	0.503640296474734	NA	NA	NA	0.60888472503664	0.503640296474734	NA	93.651985085389	94.1574248836207
a17	geneb_mut	genes	NA	NA	NA	NA	NA	NA	NA	4	6	0.670625793231289	-0.0772144380903926	0.747840231321682	1.19987494612635	1.90836985373081	0.445643832627765	0.623265144201895	0.391873844506439	0.509480050158838	NA	NA	NA	0.468757683833496	0.509480050158838	NA	93.651985085389	94.1574248836207
a18	geneb_mut	geneb	NA	NA	NA	NA	NA	NA	NA	4	6	0.167089468214432	-0.730137343503685	0.897226811718117	0.775531803542005	2.52959460336477	0.436513747349876	1.15691814006893	0.354691937800888	0.517954706982561	NA	NA	NA	0.4456503060785	0.517954706982561	NA	93.651985085389	94.1574248836207
a19	genea_mut	genen	NA	NA	NA	NA	NA	NA	NA	6	4	-0.426516312257893	-1.44428747713136	1.01777116487347	2.26832571695281	2.54431464444675	0.428430238830897	0.448688280200213	0.400017807190188	0.5255303039706	NA	NA	NA	0.541653472235149	0.5255303039706	NA	93.651985085389	94.1574248836207
a20	geneb_mut	gened	NA	NA	NA	NA	NA	NA	NA	4	6	-0.0789546151636374	0.577635668147079	-0.656590283310716	1.90430136566755	1.62629992938623	0.378269004076971	0.34479326389631	0.403732590432143	0.574024423484881	NA	NA	NA	0.592811404125972	0.574024423484881	NA	93.651985085389	94.1574248836207
a21	geneb_mut	genej	NA	NA	NA	NA	NA	NA	NA	4	6	-0.412665887296627	0.142541179311546	-0.555207066608173	1.76655162847089	1.41203347451121	0.357165394511456	0.314288616115202	0.393196816244292	0.595166246612082	NA	NA	NA	0.619149048624764	0.595166246612082	NA	93.651985085389	94.1574248836207
a22	genea_mut	gener	NA	NA	NA	NA	NA	NA	NA	6	4	-1.11507893238248	-0.197431896295445	-0.917647036087039	2.75085587077913	2.41748514559142	0.348809517226011	0.33358601075204	0.379587455898325	0.603653716710364	NA	NA	NA	0.594953403864352	0.603653716710364	NA	93.651985085389	94.1574248836207
a23	genea_mut	genek	NA	NA	NA	NA	NA	NA	NA	6	4	0.392441922875175	0.0138272098020134	0.378614713073162	0.783629153377908	1.47474850005285	0.34571599863705	0.483155471489425	0.256731715990621	0.606812410814781	NA	NA	NA	0.661322982982021	0.606812410814781	NA	93.651985085389	94.1574248836207
a24	genea_mut	genet	NA	NA	NA	NA	NA	NA	NA	6	4	0.672927743997238	-0.288140933956942	0.96106867795418	3.18291507829035	2.19454139645806	0.336898949854965	0.30194606337735	0.437935998612432	0.615863434101372	NA	NA	NA	0.587614139296496	0.615863434101372	NA	93.651985085389	94.1574248836207
a25	geneb_mut	genei	NA	NA	NA	NA	NA	NA	NA	4	6	-0.110399981303064	-0.910030929980652	0.799630948677588	3.56058219494614	1.18764685849857	0.336833192063641	0.224578707890124	0.673290164458894	0.615931203094011	NA	NA	NA	0.690436425933645	0.615931203094011	NA	93.651985085389	94.1574248836207
a26	genea_mut	genes	NA	NA	NA	NA	NA	NA	NA	6	4	-0.00473449353787074	0.561905876402506	-0.566640369940377	1.1454399353153	2.34804562786879	0.33346127492375	0.494692346992773	0.241324258444964	0.619411492800299	NA	NA	NA	0.677269068478481	0.619411492800299	NA	93.651985085389	94.1574248836207
a27	genea_mut	genej	NA	NA	NA	NA	NA	NA	NA	6	4	0.120886886340518	-0.380184447840084	0.501071334180602	1.75499235157969	1.16455336718165	0.321201681633736	0.28551197600923	0.430269104277506	0.632150899326376	NA	NA	NA	0.602136193757419	0.632150899326375	NA	93.651985085389	94.1574248836207
a28	geneb_mut	geneq	NA	NA	NA	NA	NA	NA	NA	4	6	1.43899219884374	0.977450610057827	0.461541588785913	0.87659600853739	2.04033035826903	0.271495043179587	0.526515731637884	0.226209244456605	0.685119105544606	NA	NA	NA	0.638416126914078	0.685119105544606	NA	95.843049109697	94.1574248836207
a29	genea_mut	genei	NA	NA	NA	NA	NA	NA	NA	6	4	-0.366779608228724	-0.925276963930955	0.558497355702231	2.80512801267294	1.47512971459165	0.233234887471576	0.199098705363557	0.378608979385136	0.727212291210175	NA	NA	NA	0.692858128839313	0.727212291210175	NA	95.843049109697	94.1574248836207
a30	geneb_mut	genee	NA	NA	NA	NA	NA	NA	NA	4	6	-0.788386833392882	-1.27013548687536	0.481748653482475	1.81531706657159	2.78054321890608	0.195569516823257	0.265379895531035	0.173257027694036	0.769637680596859	NA	NA	NA	0.748821174549026	0.769637680596859	NA	95.843049109697	94.1574248836207
a31	geneb_mut	genek	NA	NA	NA	NA	NA	NA	NA	4	6	0.362109020969114	0.160254048763775	0.201854972205339	0.447583724622741	1.3594320802795	0.181994741194076	0.450988186345422	0.148484779146773	0.785141885873686	NA	NA	NA	0.746547389937707	0.785141885873686	NA	95.843049109697	94.1574248836207
a32	geneb_mut	gener	NA	NA	NA	NA	NA	NA	NA	4	6	-0.992095479046819	-0.585303210548235	-0.406792268498584	3.30097371290777	2.20469008053518	0.15240827487158	0.123234022406149	0.184512223323397	0.819280105826356	NA	NA	NA	0.837590372180498	0.819280105826356	NA	95.843049109697	94.1574248836207
a33	genea_mut	geneo	NA	NA	NA	NA	NA	NA	NA	6	4	-0.637331179486577	-0.438366043679728	-0.198965135806848	1.79003214312099	1.7558668013199	0.111948157162989	0.111151711197736	0.113314481290543	0.86662185888549	NA	NA	NA	0.866886569487832	0.86662185888549	NA	95.843049109697	94.1574248836207
a34	genea_mut	genec	NA	NA	NA	NA	NA	NA	NA	6	4	0.0580463123517613	0.259401451768934	-0.201355139417173	1.99411901780419	1.47727600227319	0.110780297922736	0.100974484280729	0.136301638358257	0.867997931534529	NA	NA	NA	0.859328619959481	0.867997931534529	NA	95.843049109697	94.1574248836207
a35	genea_mut	geneh	NA	NA	NA	NA	NA	NA	NA	6	4	-0.798740379081664	-1.10996908152048	0.311228702438815	3.31356588729928	1.6640981714055	0.110724717253686	0.0939256115690162	0.187025445846113	0.868063433459595	NA	NA	NA	0.849727687796841	0.868063433459595	NA	95.843049109697	94.1574248836207
a36	genea_mut	geneb	NA	NA	NA	NA	NA	NA	NA	6	4	-0.448186690963156	-0.255836510596362	-0.192350180366794	2.1119833932802	2.10866983489499	0.0911292016555902	0.0910756121372941	0.0912187281212627	0.891220537150726	NA	NA	NA	0.891912373562927	0.891220537150726	NA	95.843049109697	94.1574248836207
a37	genea_mut	genep	NA	NA	NA	NA	NA	NA	NA	6	4	0.108302613745553	0.252002715556304	-0.143700101810752	1.98955642883673	0.622650202267946	0.0887893320022712	0.0722272058876818	0.230787850525604	0.893993609063784	NA	NA	NA	0.873922081891611	0.893993609063784	NA	95.843049109697	94.1574248836207
a38	geneb_mut	genec	NA	NA	NA	NA	NA	NA	NA	4	6	0.0568455793185653	0.193083560652007	-0.136237981333442	0.798970540425004	2.2166318649783	0.0748798501431575	0.170516901988616	0.0614617084081191	0.910508966542122	NA	NA	NA	0.894495536394397	0.910508966542122	NA	95.843049109697	94.1574248836207
a39	geneb_mut	geneg	NA	NA	NA	NA	NA	NA	NA	4	6	0.244769144823016	0.217413733107277	0.0273554117157391	0.931926919829425	1.97830319388197	0.0164311285332557	0.0293536018046845	0.0138277144779109	0.980315548284587	NA	NA	NA	0.977360646325023	0.980315548284587	NA	98.3224616333634	98.3045146901391
a40	geneb_mut	genen	NA	NA	NA	NA	NA	NA	NA	4	6	-0.854124612645753	-0.819958221914967	-0.0341663907307863	2.33437609678884	2.50129732184361	0.0140023873802941	0.0146361979878844	0.0136594680018302	0.983224616333634	NA	NA	NA	0.983045146901391	0.983224616333634	NA	98.3224616333634	98.3045146901391
